iteracion  mejor_solucion       peor_solucion                               promedio                                 distancia_euclidiana                                  distancia_hamming                                    entropia
0         9594         -12627                   -2129.6363636363635                   0                                 0                                     0
1         9711         -12635                   -2034.590909090909                   0                                 0                                     0
2         9711         -12148                   -1190.25                   0                                 0                                     0
3         9711         -13607                   -812.4886363636364                   0                                 0                                     0
4         9711         -13607                   -1833.2443181818182                   0                                 0                                     0
5         7669         -12124                   -3835.1676136363635                   0                                 0                                     0
6         9632         -11667                   -3075.447443181818                   0                                 0                                     0
7         9632         -12119                   -3468.7691761363635                   0                                 0                                     0
8         9630         -13582                   -2004.56640625                   0                                 0                                     0
9         9630         -15537                   -2260.3286576704545                   0                                 0                                     0
10         9630         -11662                   -343.5279651988636                   0                                 0                                     0
11         9630         -13588                   1128.5996537642045                   0                                 0                                     0
12         9630         -10213                   3937.663463245739                   0                                 0                                     0
13         9630         -11657                   2428.0590043501425                   0                                 0                                     0
14         9630         -11188                   1007.9385930841621                   0                                 0                                     0
15         9630         -12627                   187.78747836026287                   0                                 0                                     0
16         9630         -12167                   -1271.9698971835048                   0                                 0                                     0
17         9630         -11163                   1208.0150514082475                   0                                 0                                     0
18         9630         -12139                   1667.1438893404875                   0                                 0                                     0
19         9630         5716                   4712.890126488426                   0                                 0                                     0
20         9630         -11187                   4423.490517789667                   0                                 0                                     0
21         9630         -13579                   4408.836167985743                   0                                 0                                     0
22         9736         -12138                   1923.7817203565078                   0                                 0                                     0
23         9736         -13115                   2529.25449654189                   0                                 0                                     0
24         9736         -10237                   4554.6727028164                   0                                 0                                     0
25         9736         6691                   6237.972715044563                   0                                 0                                     0
26         9736         -10699                   6202.395448431373                   0                                 0                                     0
27         9720         -10204                   6414.788633306595                   0                                 0                                     0
28         9720         -10708                   4811.076134835116                   0                                 0                                     0
29         9721         -11193                   2404.2653401448306                   0                                 0                                     0
30         9721         -12152                   1084.359942799688                   0                                 0                                     0
31         9721         -14098                   -704.6382104183377                   0                                 0                                     0
32         9721         -13589                   346.999076609013                   0                                 0                                     0
33         9721         -13598                   -1129.2731889682207                   0                                 0                                     0
34         9721         -13618                   -1786.591139938656                   0                                 0                                     0
35         9729         -11657                   -196.20466087841885                   0                                 0                                     0
36         9729         -12642                   -2087.0568758937547                   0                                 0                                     0
37         9729         -11177                   -505.98298340142287                   0                                 0                                     0
38         9729         -12141                   1014.1448719356523                   0                                 0                                     0
39         9729         -11172                   2513.663345058735                   0                                 0                                     0
40         9729         -11671                   2936.286217983913                   0                                 0                                     0
41         9729         -10216                   3829.688563537411                   0                                 0                                     0
42         9729         -11640                   4437.3442817687055                   0                                 0                                     0
43         9729         4849                   6016.035777247989                   0                                 0                                     0
44         9734         -12143                   4276.290615896722                   0                                 0                                     0
45         9734         -11647                   2064.554398857452                   0                                 0                                     0
46         9734         -11649                   1139.5953812469077                   0                                 0                                     0
47         9734         -12653                   -1266.5659457401825                   0                                 0                                     0
48         9739         -12659                   -2754.328427415546                   0                                 0                                     0
49         9736         -11679                   -1445.664213707773                   0                                 0                                     0
50         9736         -13595                   -5645.332106853886                   0                                 0                                     0
51         9736         -13105                   -7702.166053426943                   0                                 0                                     0
52         9736         -13099                   -4916.4012085316535                   0                                 0                                     0
53         9736         -13107                   -3624.1551497203723                   0                                 0                                     0
54         9684         -11198                   696.0133342307229                   0                                 0                                     0
55         9692         -12154                   322.32484893354325                   0                                 0                                     0
56         9692         -13119                   -963.4284846241374                   0                                 0                                     0
57         9726         -12169                   -545.0324241302505                   0                                 0                                     0
58         9726         -12124                   1315.8928788439657                   0                                 0                                     0
59         9726         -14577                   477.35553033107374                   0                                 0                                     0
60         9726         -11703                   -845.4131439253722                   0                                 0                                     0
61         9726         -13611                   -773.9792992354134                   0                                 0                                     0
62         9726         -12660                   1219.4194412913844                   0                                 0                                     0
63         9726         -11195                   738.9369933729649                   0                                 0                                     0
64         9723         -11138                   -1305.9405942226085                   0                                 0                                     0
65         9110         -14086                   -2237.6521152931227                   0                                 0                                     0
66         9242         -14068                   -3313.053330373834                   0                                 0                                     0
67         9223         -13117                   -5363.708483368735                   0                                 0                                     0
68         9620         -12635                   -6281.6269689570945                   0                                 0                                     0
69         9706         -10693                   -1558.4953026603655                   0                                 0                                     0
70         9706         -11653                   757.6159850334535                   0                                 0                                     0
71         9706         -10220                   2848.535265243999                   0                                 0                                     0
72         9709         -12173                   2045.8130871674541                   0                                 0                                     0
73         9710         -12172                   2690.315634492818                   0                                 0                                     0
74         9710         -12637                   54.52145361004523                   0                                 0                                     0
75         9715         -13618                   -2279.2392731949776                   0                                 0                                     0
76         9715         -13604                   -2192.710545688398                   0                                 0                                     0
77         9722         -13099                   -1248.1734546623807                   0                                 0                                     0
78         9722         -14543                   -4023.5412727857356                   0                                 0                                     0
79         9722         -13594                   -2717.1342727565043                   0                                 0                                     0
80         9722         -12156                   -1234.385318196434                   0                                 0                                     0
81         9722         -12659                   -224.37447728003514                   0                                 0                                     0
82         9722         -11683                   -309.0963295491085                   0                                 0                                     0
83         9228         -11643                   505.54274431635486                   0                                 0                                     0
84         9228         -13602                   563.5895539763592                   0                                 0                                     0
85         9121         -16041                   -1501.4779502845477                   0                                 0                                     0
86         9226         -14116                   -2150.0117024150013                   0                                 0                                     0
87         9699         -14105                   -2568.4149421165916                   0                                 0                                     0
88         9583         -12127                   -19.980198331023075                   0                                 0                                     0
89         9583         -12127                   -445.30828098369335                   0                                 0                                     0
90         9583         -12636                   214.5276776899715                   0                                 0                                     0
91         9214         -11168                   726.6729297540767                   0                                 0                                     0
92         9575         -10172                   3721.7455557861294                   0                                 0                                     0
93         9575         -12122                   3468.6000506203372                   0                                 0                                     0
94         9085         -12140                   2413.663661673805                   0                                 0                                     0
95         9109         -12140                   3476.4227399278116                   0                                 0                                     0
96         9583         -11160                   4954.802279054815                   0                                 0                                     0
97         9583         -12142                   3854.2193213455894                   0                                 0                                     0
98         9701         -11650                   1668.7005697637037                   0                                 0                                     0
99         9701         -12135                   561.1684667000336                   0                                 0                                     0
// Semilla: 991534399